1        1        3        -231.0        101434.0        32549.0        32566.0
2        1        3        3751.0        127835.0        30866.0        31141.0
3        1        3        12900.0        127965.0        19591.0        31141.0
4        1        62        15425.0        88534.0        37416.0        40841.0
5        1        62        12100.0        130175.0        30866.0        32866.0
6        2        9        4695.0        144806.0        26441.0        30066.0
7        2        64        11025.0        214182.0        19266.0        21291.0
8        2        5        11222.0        292731.0        12169.0        13291.0
9        2        64        33975.0        146121.0        28616.0        29991.0
10        2        64        22975.0        214190.0        18516.0        21291.0
11        3        16        21010.0        274282.0        13588.0        13591.0
12        3        1        35751.0        131591.0        30741.0        31116.0
13        3        1        12511.0        80869.0        39441.0        39466.0
14        3        62        12735.0        208337.0        21566.0        21841.0
15        3        62        8652.0        264446.0        13751.0        14616.0
16        5        9        58251.0        211018.0        17891.0        23716.0
17        5        6        -46391.0        63453.0        46391.0        0.0
18        5        9        -20.0        277386.0        13471.0        13491.0
19        5        9        -525.0        61812.0        46391.0        46916.0
20        5        6        -17891.0        213822.0        17891.0        0.0
21        6        64        -1216.0        84.0        12516.0        0.0
22        6        64        -4216.0        21.0        40216.0        0.0
23        6        64        -4016.0        21.0        40216.0        0.0
24        6        1        -4026.0        21.0        40216.0        0.0
25        6        5        -1566.0        60.0        15166.0        0.0
26        7        1        -23280.0        3839.0        23280.0        0.0
27        7        1        -3891.0        1849.0        38791.0        0.0
28        7        1        -18341.0        4356.0        18341.0        0.0
29        7        1        -24207.0        3526.0        24207.0        0.0
30        7        1        -24684.0        3367.0        24684.0        0.0
31        8        41        -2100.0        226377.0        20366.0        20766.0
32        8        30        4345.0        113425.0        32056.0        32491.0
33        8        30        5771.0        261738.0        14289.0        14666.0
34        8        30        -48866.0        4733.0        48866.0        0.0
35        8        41        1600.0        226377.0        20366.0        20766.0
36        9        19        9150.0        61577.0        39341.0        41091.0
37        9        19        5900.0        146695.0        23716.0        29616.0
38        9        2        1935.0        196983.0        20366.0        22291.0
39        9        19        5500.0        146695.0        23716.0        29616.0
40        9        2        150.0        286228.0        12541.0        12691.0
41        11        46        13210.0        137563.0        24706.0        47916.0
42        11        46        16075.0        87242.0        37841.0        47916.0
43        11        46        19102.0        76566.0        39814.0        47916.0
44        11        46        1217.0        199406.0        22289.0        22416.0
45        11        46        10175.0        87242.0        37841.0        47916.0
46        15        2        1100.0        263284.0        14216.0        14316.0
47        15        2        5750.0        196999.0        17141.0        22291.0
48        15        2        985.0        274181.0        12666.0        13591.0
49        15        2        146.0        272030.0        13647.0        13691.0
50        15        25        11125.0        278928.0        13491.0        13516.0
51        16        1        9900.0        194153.0        21816.0        31116.0
52        16        1        9900.0        194153.0        21816.0        31116.0
53        16        40        1725.0        194955.0        21816.0        22541.0
54        16        40        11475.0        269118.0        13966.0        14441.0
55        16        3        1150.0        195620.0        22516.0        22566.0
56        17        66        11293.0        268242.0        14248.0        25641.0
57        17        66        19625.0        150926.0        29516.0        40741.0
58        17        43        21215.0        200922.0        22216.0        22341.0
59        17        66        25225.0        150926.0        29516.0        40741.0
60        17        66        21955.0        87142.0        38766.0        40741.0
61        19        9        1425.0        149380.0        29216.0        29641.0
62        19        5        22995.0        227320.0        20641.0        21566.0
63        19        9        1790.0        290732.0        11816.0        12616.0
64        19        5        6938.0        216366.0        20828.0        21566.0
65        19        5        1875.0        269623.0        14216.0        14391.0
-1        -1        -1        -1        -1
67        22        70        23925.0        144974.0        14991.0        29916.0
-1        -1        -1        -1        -1
-1        -1        -1        -1        -1
-1        -1        -1        -1        -1
71        25        15        23110.0        286532.0        13141.0        13491.0
72        25        15        9962.0        236645.0        16279.0        21941.0
73        25        15        13150.0        131602.0        30116.0        30466.0
74        25        15        5350.0        131602.0        30116.0        30466.0
75        25        15        2968.0        290849.0        12423.0        13491.0
76        26        46        11325.0        62277.0        46391.0        47916.0
77        26        46        11525.0        62277.0        46391.0        47916.0
78        26        46        8225.0        290282.0        11866.0        12691.0
79        26        46        26492.0        125129.0        31424.0        47916.0
80        26        46        19998.0        144787.0        29588.0        47916.0
81        29        68        -40416.0        14.0        50416.0        0.0
82        29        30        1715.0        207664.0        21724.0        21741.0
83        29        68        36475.0        302367.0        11691.0        47166.0
84        29        48        5378.0        213499.0        21613.0        22991.0
85        29        30        -50416.0        14.0        50416.0        0.0
86        30        48        850.0        154662.0        28666.0        29516.0
87        30        67        6930.0        227375.0        16166.0        20366.0
88        30        48        1751.0        301054.0        11641.0        11716.0
89        30        8        5725.0        300817.0        11641.0        12216.0
90        30        29        3811.0        171578.0        22685.0        23066.0
91        32        58        6751.0        227398.0        20391.0        21066.0
92        32        58        -35537.0        85466.0        34837.0        0.0
93        32        58        251.0        154238.0        29016.0        29041.0
94        32        58        1001.0        286820.0        12966.0        13066.0
95        32        58        -39241.0        82529.0        39841.0        0.0
96        34        55        2600.0        300160.0        11691.0        13091.0
97        34        48        10710.0        228580.0        17291.0        22991.0
98        34        55        31150.0        228066.0        17291.0        20441.0
99        34        48        12315.0        228563.0        19616.0        22991.0
100        34        55        -3.0        169500.0        23138.0        23141.0
101        37        67        -50.0        224032.0        20891.0        20941.0
102        37        67        -39419.0        389.0        39419.0        0.0
103        37        67        100.0        298795.0        11791.0        11891.0
104        37        67        -32441.0        98985.0        32441.0        0.0
105        37        67        -38166.0        629.0        38166.0        0.0
106        39        51        -550.0        212066.0        21116.0        21666.0
107        39        51        2512.0        70748.0        41191.0        41216.0
108        39        51        5100.0        285799.0        12766.0        13266.0
109        39        51        12050.0        76178.0        30116.0        40166.0
110        39        51        6950.0        291519.0        10541.0        13191.0
111        40        16        9937.0        212647.0        20679.0        22516.0
112        40        16        2500.0        149331.0        28766.0        30666.0
113        40        16        775.0        72210.0        40891.0        48666.0
114        40        16        5100.0        149331.0        28766.0        30666.0
115        40        16        10146.0        148656.0        29620.0        30666.0
116        41        30        1211.0        156146.0        25148.0        25166.0
117        41        30        25975.0        61923.0        35766.0        47741.0
118        41        30        26175.0        150240.0        27341.0        30016.0
119        41        30        2510.0        149826.0        29816.0        30016.0
120        41        8        2861.0        294646.0        11015.0        13891.0
121        43        66        12280.0        219674.0        16361.0        25641.0
122        43        66        12100.0        81175.0        39541.0        40741.0
123        43        17        5752.0        285366.0        11991.0        12566.0
124        43        66        1709.0        92605.0        33649.0        40741.0
125        43        66        -305.0        88706.0        37716.0        40741.0
126        46        26        2912.0        51460.0        47916.0        47941.0
127        46        11        2751.0        52327.0        47916.0        48191.0
128        46        11        2752.0        52327.0        47916.0        48191.0
129        46        11        1307.0        217569.0        18388.0        21466.0
130        46        26        1001.0        286612.0        12691.0        12791.0
131        48        29        -39616.0        2491.0        39316.0        0.0
132        48        34        1792.0        155014.0        29016.0        29741.0
133        48        30        2252.0        169149.0        22991.0        23016.0
134        48        67        751.0        169571.0        22991.0        23066.0
135        48        30        2151.0        169149.0        22991.0        23016.0
136        50        65        1425.0        204941.0        20641.0        22066.0
137        50        65        -38483.0        7490.0        38483.0        0.0
138        50        52        325.0        149171.0        29916.0        30241.0
139        50        52        3125.0        149171.0        29916.0        30241.0
140        50        52        -38416.0        7494.0        38416.0        0.0
141        51        39        9275.0        112865.0        31916.0        41191.0
142        51        39        1215.0        170867.0        23811.0        23816.0
143        51        39        2125.0        203734.0        21666.0        21691.0
144        51        39        9251.0        203734.0        21666.0        21691.0
145        51        39        10975.0        131803.0        30916.0        41191.0
146        52        50        5021.0        227748.0        17020.0        22041.0
147        52        55        -37941.0        9136.0        37941.0        0.0
148        52        55        4575.0        227370.0        15841.0        20416.0
149        52        55        -35491.0        9163.0        35491.0        0.0
150        52        55        4525.0        146306.0        25741.0        30266.0
151        55        52        -501.0        226926.0        20341.0        20391.0
152        55        50        12915.0        227554.0        20426.0        22041.0
153        55        34        -101.0        218260.0        21406.0        21416.0
154        55        50        -950.0        154667.0        29066.0        30016.0
155        55        34        -675.0        155215.0        29066.0        29741.0
156        58        32        -375.0        140099.0        30316.0        30691.0
157        58        32        -2450.0        225209.0        18541.0        20991.0
158        58        32        2450.0        225209.0        18541.0        20991.0
159        58        32        4974.0        229127.0        15517.0        20391.0
160        58        32        954.0        206072.0        21737.0        21991.0
161        62        3        1200.0        150737.0        29041.0        30741.0
162        62        1        23677.0        61248.0        33289.0        46966.0
163        62        3        9251.0        208394.0        21416.0        21841.0
164        62        1        9700.0        207002.0        21416.0        31116.0
165        62        3        1304.0        150714.0        29437.0        30741.0
166        63        71        1251.0        280045.0        13266.0        13391.0
167        63        71        1924.0        280045.0        13266.0        13391.0
168        63        71        1250.0        123195.0        31391.0        31641.0
169        63        71        722.0        270172.0        14019.0        14091.0
170        63        71        517.0        245638.0        15199.0        15316.0
171        64        6        -12266.0        293398.0        12266.0        0.0
172        64        2        581.0        231143.0        16483.0        16541.0
173        64        6        -26103.0        152213.0        26103.0        0.0
174        64        71        9355.0        196014.0        22586.0        31641.0
175        64        6        -12841.0        292189.0        12841.0        0.0
176        65        50        12375.0        52282.0        38366.0        50741.0
177        65        50        921.0        142198.0        30554.0        30566.0
178        65        50        10125.0        154463.0        28991.0        30016.0
179        65        50        3450.0        209122.0        21701.0        22041.0
180        65        50        9975.0        227973.0        20466.0        22041.0
181        66        17        6975.0        73190.0        23791.0        40766.0
182        66        17        7650.0        73198.0        17116.0        40766.0
183        66        43        15950.0        74113.0        29666.0        46616.0
184        66        17        12297.0        72992.0        30469.0        40766.0
185        66        17        5135.0        72850.0        36331.0        40766.0
186        67        17        105.0        286602.0        12711.0        12816.0
187        67        48        212.0        161160.0        24120.0        24141.0
188        67        48        6000.0        227904.0        16991.0        22991.0
189        67        48        425.0        154568.0        29091.0        29516.0
190        67        48        20.0        157677.0        24871.0        24891.0
191        68        29        -47166.0        49134.0        47166.0        0.0
192        68        29        -47166.0        49134.0        47166.0        0.0
193        68        29        -47166.0        49134.0        47166.0        0.0
194        68        29        -47166.0        49134.0        47166.0        0.0
195        68        48        10425.0        48989.0        47166.0        57591.0
196        70        22        -38891.0        2922.0        38891.0        0.0
197        70        22        -32790.0        86791.0        32790.0        0.0
198        70        22        16675.0        288853.0        12816.0        23491.0
199        70        22        -38891.0        2922.0        38891.0        0.0
200        70        22        -33091.0        86788.0        33091.0        0.0
201        71        63        5500.0        291485.0        12766.0        13266.0
202        71        63        9375.0        82051.0        39816.0        49191.0
203        71        64        -36347.0        90196.0        36347.0        0.0
204        71        64        25.0        122165.0        31641.0        31666.0
205        71        63        13569.0        90252.0        36022.0        49191.0
206        72        73        -19250.0        90863.0        34141.0        50891.0
207        72        73        -16750.0        90863.0        34141.0        50891.0
208        72        73        37750.0        90863.0        34141.0        50891.0
209        72        73        26550.0        90863.0        34141.0        50891.0
210        72        73        16750.0        90863.0        34141.0        50891.0
211        73        72        4175.0        79159.0        35141.0        40016.0
212        73        72        9175.0        78901.0        38941.0        40016.0
213        73        72        8450.0        150091.0        25891.0        34141.0
214        73        72        16955.0        184592.0        22986.0        34141.0
215        73        72        14490.0        193276.0        22651.0        34141.0
