1        1        3        17.0        101209.0        32549.0        32566.0
2        1        3        275.0        127799.0        30866.0        31141.0
3        1        3        11550.0        127929.0        19591.0        31141.0
4        1        62        3425.0        88512.0        37416.0        40841.0
5        1        62        2000.0        130136.0        30866.0        32866.0
6        2        9        3650.0        144707.0        26441.0        30091.0
7        2        64        2025.0        214166.0        19266.0        21291.0
8        2        5        1122.0        292643.0        12169.0        13291.0
9        2        64        1375.0        146017.0        28616.0        29991.0
10        2        64        2775.0        214174.0        18516.0        21291.0
11        3        16        3.0        274239.0        13588.0        13591.0
12        3        1        375.0        131546.0        30741.0        31116.0
13        3        1        25.0        80849.0        39441.0        39466.0
14        3        62        275.0        208293.0        21566.0        21841.0
15        3        62        865.0        264379.0        13751.0        14616.0
16        5        9        5825.0        210894.0        17891.0        23716.0
17        5        6        -46391.0        63385.0        46391.0        0.0
18        5        9        20.0        277022.0        13471.0        13491.0
19        5        9        550.0        61749.0        46391.0        46941.0
20        5        6        -17891.0        213698.0        17891.0        0.0
21        6        64        -12516.0        84.0        12516.0        0.0
22        6        64        -40216.0        21.0        40216.0        0.0
23        6        64        -40216.0        21.0        40216.0        0.0
24        6        1        -40216.0        21.0        40216.0        0.0
25        6        5        -15166.0        60.0        15166.0        0.0
26        7        1        -23280.0        3839.0        23280.0        0.0
27        7        1        -38791.0        1849.0        38791.0        0.0
28        7        1        -18341.0        4356.0        18341.0        0.0
29        7        1        -24207.0        3526.0        24207.0        0.0
30        7        1        -24684.0        3367.0        24684.0        0.0
31        8        41        400.0        226334.0        20366.0        20766.0
32        8        30        435.0        113400.0        32056.0        32491.0
33        8        30        377.0        261720.0        14289.0        14666.0
34        8        30        -48866.0        4732.0        48866.0        0.0
35        8        41        400.0        226334.0        20366.0        20766.0
36        9        19        1750.0        61562.0        39341.0        41091.0
37        9        19        5900.0        146648.0        23716.0        29616.0
38        9        2        1925.0        196966.0        20366.0        22291.0
39        9        19        5900.0        146648.0        23716.0        29616.0
40        9        2        150.0        286190.0        12541.0        12691.0
41        11        46        23210.0        137550.0        24706.0        47916.0
42        11        46        10075.0        87234.0        37841.0        47916.0
43        11        46        8102.0        76558.0        39814.0        47916.0
44        11        46        127.0        199381.0        22289.0        22416.0
45        11        46        10075.0        87234.0        37841.0        47916.0
46        15        2        125.0        262781.0        14216.0        14341.0
47        15        2        5150.0        196984.0        17141.0        22291.0
48        15        2        950.0        273906.0        12666.0        13616.0
49        15        2        94.0        271584.0        13647.0        13741.0
50        15        25        25.0        278646.0        13491.0        13516.0
51        16        1        9300.0        194114.0        21816.0        31116.0
52        16        1        9300.0        194114.0        21816.0        31116.0
53        16        40        725.0        194920.0        21816.0        22541.0
54        16        40        475.0        269101.0        13966.0        14441.0
55        16        3        75.0        195583.0        22516.0        22591.0
56        17        66        11393.0        268232.0        14248.0        25641.0
57        17        66        11225.0        150878.0        29516.0        40741.0
58        17        43        125.0        200757.0        22216.0        22341.0
59        17        66        11225.0        150878.0        29516.0        40741.0
60        17        66        1975.0        87124.0        38766.0        40741.0
61        19        9        425.0        149348.0        29216.0        29641.0
62        19        5        925.0        227308.0        20641.0        21566.0
63        19        9        800.0        290718.0        11816.0        12616.0
64        19        5        738.0        216354.0        20828.0        21566.0
65        19        5        175.0        269613.0        14216.0        14391.0
null        null        null        null        null
67        22        70        14925.0        144973.0        14991.0        29916.0
null        null        null        null        null
null        null        null        null        null
null        null        null        null        null
71        25        15        350.0        286495.0        13141.0        13491.0
72        25        15        5662.0        236634.0        16279.0        21941.0
73        25        15        350.0        131590.0        30116.0        30466.0
74        25        15        350.0        131590.0        30116.0        30466.0
75        25        15        1068.0        290837.0        12423.0        13491.0
76        26        46        1525.0        62271.0        46391.0        47916.0
77        26        46        1525.0        62271.0        46391.0        47916.0
78        26        46        825.0        290276.0        11866.0        12691.0
79        26        46        16492.0        125119.0        31424.0        47916.0
80        26        46        18328.0        144781.0        29588.0        47916.0
81        29        68        -50416.0        14.0        50416.0        0.0
82        29        30        17.0        207485.0        21724.0        21741.0
83        29        68        35475.0        302231.0        11691.0        47166.0
84        29        48        1378.0        213221.0        21613.0        22991.0
85        29        30        -50416.0        14.0        50416.0        0.0
86        30        48        850.0        154610.0        28666.0        29516.0
87        30        67        4200.0        227331.0        16166.0        20366.0
88        30        48        75.0        300891.0        11641.0        11716.0
89        30        8        2250.0        300669.0        11641.0        13891.0
90        30        29        381.0        171503.0        22685.0        23066.0
91        32        58        675.0        227385.0        20391.0        21066.0
92        32        58        -34837.0        85466.0        34837.0        0.0
93        32        58        25.0        154231.0        29016.0        29041.0
94        32        58        100.0        286768.0        12966.0        13066.0
95        32        58        -39841.0        82529.0        39841.0        0.0
96        34        55        1400.0        300132.0        11691.0        13091.0
97        34        48        5700.0        228443.0        17291.0        22991.0
98        34        55        3175.0        227937.0        17291.0        20466.0
99        34        48        3375.0        228426.0        19616.0        22991.0
100        34        55        3.0        169382.0        23138.0        23141.0
101        37        67        75.0        223949.0        20891.0        20966.0
102        37        67        -39419.0        389.0        39419.0        0.0
103        37        67        100.0        298628.0        11791.0        11891.0
104        37        67        -32441.0        98973.0        32441.0        0.0
105        37        67        -38166.0        629.0        38166.0        0.0
106        39        51        550.0        212061.0        21116.0        21666.0
107        39        51        25.0        70571.0        41191.0        41216.0
108        39        51        500.0        285776.0        12766.0        13266.0
109        39        51        10050.0        76176.0        30116.0        40166.0
110        39        51        2650.0        291516.0        10541.0        13191.0
111        40        16        1837.0        212626.0        20679.0        22516.0
112        40        16        1900.0        149311.0        28766.0        30666.0
113        40        16        7775.0        72194.0        40891.0        48666.0
114        40        16        1900.0        149311.0        28766.0        30666.0
115        40        16        1046.0        148636.0        29620.0        30666.0
116        41        30        18.0        156142.0        25148.0        25166.0
117        41        30        11975.0        61912.0        35766.0        47741.0
118        41        30        2675.0        150198.0        27341.0        30016.0
119        41        30        200.0        149784.0        29816.0        30016.0
120        41        8        2876.0        294597.0        11015.0        13891.0
121        43        66        9280.0        219665.0        16361.0        25641.0
122        43        66        1200.0        81132.0        39541.0        40741.0
123        43        17        575.0        285311.0        11991.0        12566.0
124        43        66        7092.0        92588.0        33649.0        40741.0
125        43        66        3025.0        88689.0        37716.0        40741.0
126        46        26        25.0        51454.0        47916.0        47941.0
127        46        11        275.0        52320.0        47916.0        48191.0
128        46        11        275.0        52320.0        47916.0        48191.0
129        46        11        3078.0        217561.0        18388.0        21466.0
130        46        26        100.0        286473.0        12691.0        12791.0
131        48        29        -39316.0        2491.0        39316.0        0.0
132        48        34        725.0        154969.0        29016.0        29741.0
133        48        30        25.0        169101.0        22991.0        23016.0
134        48        67        75.0        169521.0        22991.0        23066.0
135        48        30        25.0        169101.0        22991.0        23016.0
136        50        65        1425.0        204784.0        20641.0        22066.0
137        50        65        -38483.0        7490.0        38483.0        0.0
138        50        52        325.0        149150.0        29916.0        30241.0
139        50        52        325.0        149150.0        29916.0        30241.0
140        50        52        -38416.0        7494.0        38416.0        0.0
141        51        39        9275.0        112861.0        31916.0        41191.0
142        51        39        5.0        170867.0        23811.0        23816.0
143        51        39        25.0        203715.0        21666.0        21691.0
144        51        39        25.0        203715.0        21666.0        21691.0
145        51        39        10275.0        131799.0        30916.0        41191.0
146        52        50        5021.0        227708.0        17020.0        22041.0
147        52        55        -37941.0        9135.0        37941.0        0.0
148        52        55        4575.0        227334.0        15841.0        20416.0
149        52        55        -35491.0        9162.0        35491.0        0.0
150        52        55        4525.0        146272.0        25741.0        30266.0
151        55        52        50.0        226893.0        20341.0        20391.0
152        55        50        1615.0        227515.0        20426.0        22041.0
153        55        34        10.0        218195.0        21406.0        21416.0
154        55        50        950.0        154612.0        29066.0        30016.0
155        55        34        675.0        155160.0        29066.0        29741.0
156        58        32        375.0        140099.0        30316.0        30691.0
157        58        32        2450.0        225125.0        18541.0        20991.0
158        58        32        2450.0        225125.0        18541.0        20991.0
159        58        32        4874.0        229121.0        15517.0        20391.0
160        58        32        254.0        206072.0        21737.0        21991.0
161        62        3        1700.0        150717.0        29041.0        30741.0
162        62        1        13677.0        61231.0        33289.0        46966.0
163        62        3        425.0        208369.0        21416.0        21841.0
164        62        1        9700.0        206976.0        21416.0        31116.0
165        62        3        1304.0        150694.0        29437.0        30741.0
166        63        71        125.0        280030.0        13266.0        13391.0
167        63        71        125.0        280030.0        13266.0        13391.0
168        63        71        250.0        123187.0        31391.0        31641.0
169        63        71        72.0        270141.0        14019.0        14091.0
170        63        71        117.0        245638.0        15199.0        15316.0
171        64        6        -12266.0        293359.0        12266.0        0.0
172        64        2        58.0        231123.0        16483.0        16541.0
173        64        6        -26103.0        152160.0        26103.0        0.0
174        64        71        9055.0        195834.0        22586.0        31641.0
175        64        6        -12841.0        292062.0        12841.0        0.0
176        65        50        12375.0        52280.0        38366.0        50741.0
177        65        50        12.0        142136.0        30554.0        30566.0
178        65        50        1025.0        154441.0        28991.0        30016.0
179        65        50        340.0        209078.0        21701.0        22041.0
180        65        50        1575.0        227949.0        20466.0        22041.0
181        66        17        16975.0        73159.0        23791.0        40766.0
182        66        17        23650.0        73167.0        17116.0        40766.0
183        66        43        16950.0        74090.0        29666.0        46616.0
184        66        17        10297.0        72961.0        30469.0        40766.0
185        66        17        4435.0        72819.0        36331.0        40766.0
186        67        17        105.0        286496.0        12711.0        12816.0
187        67        48        21.0        161110.0        24120.0        24141.0
188        67        48        6000.0        227808.0        16991.0        22991.0
189        67        48        425.0        154508.0        29091.0        29516.0
190        67        48        20.0        157610.0        24871.0        24891.0
191        68        29        -47166.0        49041.0        47166.0        0.0
192        68        29        -47166.0        49041.0        47166.0        0.0
193        68        29        -47166.0        49041.0        47166.0        0.0
194        68        29        -47166.0        49041.0        47166.0        0.0
195        68        48        10425.0        48906.0        47166.0        57591.0
196        70        22        -38891.0        2922.0        38891.0        0.0
197        70        22        -32790.0        86791.0        32790.0        0.0
198        70        22        10675.0        288852.0        12816.0        23491.0
199        70        22        -38891.0        2922.0        38891.0        0.0
200        70        22        -33091.0        86788.0        33091.0        0.0
201        71        63        500.0        291454.0        12766.0        13266.0
202        71        63        9375.0        82036.0        39816.0        49191.0
203        71        64        -36347.0        90190.0        36347.0        0.0
204        71        64        25.0        122124.0        31641.0        31666.0
205        71        63        13169.0        90246.0        36022.0        49191.0
206        72        73        16750.0        90862.0        34141.0        50891.0
207        72        73        16750.0        90862.0        34141.0        50891.0
208        72        73        16750.0        90862.0        34141.0        50891.0
209        72        73        16750.0        90862.0        34141.0        50891.0
210        72        73        16750.0        90862.0        34141.0        50891.0
211        73        72        4875.0        79125.0        35141.0        40016.0
212        73        72        1075.0        78867.0        38941.0        40016.0
213        73        72        8250.0        150090.0        25891.0        34141.0
214        73        72        11155.0        184591.0        22986.0        34141.0
215        73        72        11490.0        193275.0        22651.0        34141.0