1        1        3        -32549.0        138.0        32549.0        0.0
2        1        3        -46116.0        137.0        46116.0        0.0
3        1        3        -19591.0        175.0        19591.0        0.0
4        1        62        -46116.0        137.0        46116.0        0.0
5        1        62        -46116.0        137.0        46116.0        0.0
-1        -1        -1        -1        -1
7        2        64        -21291.0        320.0        21291.0        0.0
8        2        5        -12169.0        703.0        12169.0        0.0
-1        -1        -1        -1        -1
10        2        64        -21291.0        320.0        21291.0        0.0
11        3        16        -13588.0        24.0        13588.0        0.0
12        3        1        -52591.0        12.0        52591.0        0.0
13        3        1        -52591.0        12.0        52591.0        0.0
14        3        62        -52591.0        12.0        52591.0        0.0
15        3        62        -13751.0        22.0        13751.0        0.0
-1        -1        -1        -1        -1
-1        -1        -1        -1        -1
18        5        9        -13471.0        180.0        13471.0        0.0
-1        -1        -1        -1        -1
-1        -1        -1        -1        -1
-1        -1        -1        -1        -1
-1        -1        -1        -1        -1
-1        -1        -1        -1        -1
-1        -1        -1        -1        -1
-1        -1        -1        -1        -1
26        7        1        -23280.0        2.0        23280.0        0.0
-1        -1        -1        -1        -1
28        7        1        -21041.0        5.0        21041.0        0.0
29        7        1        -24207.0        5.0        24207.0        0.0
30        7        1        -24684.0        3.0        24684.0        0.0
31        8        41        -20916.0        38.0        20916.0        0.0
32        8        30        -32056.0        190.0        32056.0        0.0
33        8        30        -14289.0        197.0        14289.0        0.0
-1        -1        -1        -1        -1
35        8        41        -20916.0        38.0        20916.0        0.0
-1        -1        -1        -1        -1
37        9        19        -29566.0        2.0        29566.0        0.0
38        9        2        -29566.0        2.0        29566.0        0.0
39        9        19        -29566.0        2.0        29566.0        0.0
40        9        2        -13466.0        6.0        13466.0        0.0
41        11        46        -24706.0        1.0        24706.0        0.0
-1        -1        -1        -1        -1
43        11        46        -39814.0        1.0        39814.0        0.0
44        11        46        -22289.0        219.0        22289.0        0.0
-1        -1        -1        -1        -1
-1        -1        -1        -1        -1
-1        -1        -1        -1        -1
-1        -1        -1        -1        -1
49        15        2        -13647.0        8.0        13647.0        0.0
-1        -1        -1        -1        -1
51        16        1        -22516.0        124.0        22516.0        0.0
52        16        1        -22516.0        124.0        22516.0        0.0
53        16        40        -22516.0        124.0        22516.0        0.0
54        16        40        -14916.0        151.0        14916.0        0.0
55        16        3        -22516.0        124.0        22516.0        0.0
56        17        66        -14248.0        338.0        14248.0        0.0
57        17        66        -29566.0        5.0        29566.0        0.0
58        17        43        -29566.0        5.0        29566.0        0.0
59        17        66        -29566.0        5.0        29566.0        0.0
-1        -1        -1        -1        -1
61        19        9        -31416.0        65.0        31416.0        0.0
62        19        5        -20716.0        364.0        20716.0        0.0
63        19        9        -11991.0        1086.0        11991.0        0.0
64        19        5        -20828.0        897.0        20828.0        0.0
65        19        5        -14216.0        831.0        14216.0        0.0
-1        -1        -1        -1        -1
-1        -1        -1        -1        -1
-1        -1        -1        -1        -1
-1        -1        -1        -1        -1
-1        -1        -1        -1        -1
71        25        15        -15541.0        82.0        15541.0        0.0
72        25        15        -16279.0        43.0        16279.0        0.0
73        25        15        -57491.0        21.0        57491.0        0.0
74        25        15        -57491.0        21.0        57491.0        0.0
75        25        15        -12423.0        768.0        12423.0        0.0
76        26        46        -47891.0        133.0        47891.0        0.0
77        26        46        -47891.0        133.0        47891.0        0.0
78        26        46        -12066.0        883.0        12066.0        0.0
79        26        46        17767.0        557.0        31424.0        49191.0
80        26        46        -29588.0        134.0        29588.0        0.0
-1        -1        -1        -1        -1
82        29        30        -21724.0        193.0        21724.0        0.0
83        29        68        -11691.0        2015.0        11691.0        0.0
84        29        48        -21613.0        198.0        21613.0        0.0
-1        -1        -1        -1        -1
-1        -1        -1        -1        -1
87        30        67        -20991.0        100.0        20991.0        0.0
88        30        48        -11641.0        472.0        11641.0        0.0
89        30        8        -11641.0        472.0        11641.0        0.0
90        30        29        -22685.0        1.0        22685.0        0.0
-1        -1        -1        -1        -1
92        32        58        -34837.0        1.0        34837.0        0.0
-1        -1        -1        -1        -1
94        32        58        -14441.0        4.0        14441.0        0.0
-1        -1        -1        -1        -1
96        34        55        8650.0        2095.0        11741.0        20391.0
97        34        48        -20941.0        319.0        20941.0        0.0
98        34        55        -20941.0        319.0        20941.0        0.0
99        34        48        -20941.0        319.0        20941.0        0.0
100        34        55        -23138.0        277.0        23138.0        0.0
-1        -1        -1        -1        -1
102        37        67        -39419.0        2.0        39419.0        0.0
103        37        67        -11866.0        284.0        11866.0        0.0
-1        -1        -1        -1        -1
-1        -1        -1        -1        -1
106        39        51        -22616.0        7.0        22616.0        0.0
-1        -1        -1        -1        -1
108        39        51        -22616.0        7.0        22616.0        0.0
-1        -1        -1        -1        -1
110        39        51        -10541.0        831.0        10541.0        0.0
111        40        16        -20679.0        129.0        20679.0        0.0
112        40        16        -31316.0        124.0        31316.0        0.0
113        40        16        -47191.0        122.0        47191.0        0.0
114        40        16        -31316.0        124.0        31316.0        0.0
115        40        16        -29620.0        126.0        29620.0        0.0
116        41        30        -25148.0        35.0        25148.0        0.0
-1        -1        -1        -1        -1
-1        -1        -1        -1        -1
-1        -1        -1        -1        -1
120        41        8        -11015.0        25.0        11015.0        0.0
121        43        66        -16361.0        2.0        16361.0        0.0
-1        -1        -1        -1        -1
123        43        17        -12091.0        24.0        12091.0        0.0
124        43        66        -33649.0        2.0        33649.0        0.0
-1        -1        -1        -1        -1
126        46        26        -49191.0        47.0        49191.0        0.0
127        46        11        -49191.0        47.0        49191.0        0.0
128        46        11        -49191.0        47.0        49191.0        0.0
129        46        11        18388.0        176.0        18388.0        0.0
130        46        26        -18966.0        171.0        18966.0        0.0
-1        -1        -1        -1        -1
132        48        34        -30191.0        7.0        30191.0        0.0
133        48        30        -30191.0        7.0        30191.0        0.0
134        48        67        -30191.0        7.0        30191.0        0.0
135        48        30        -30191.0        7.0        30191.0        0.0
-1        -1        -1        -1        -1
137        50        65        -38483.0        1.0        38483.0        0.0
-1        -1        -1        -1        -1
-1        -1        -1        -1        -1
-1        -1        -1        -1        -1
141        51        39        -48491.0        2.0        48491.0        0.0
142        51        39        23811.0        4.0        23811.0        0.0
143        51        39        -48491.0        2.0        48491.0        0.0
144        51        39        -48491.0        2.0        48491.0        0.0
145        51        39        -48491.0        2.0        48491.0        0.0
146        52        50        -17020.0        82.0        17020.0        0.0
147        52        55        -48591.0        5.0        48591.0        0.0
148        52        55        -15841.0        97.0        15841.0        0.0
149        52        55        -48591.0        5.0        48591.0        0.0
150        52        55        -48591.0        5.0        48591.0        0.0
151        55        52        -20341.0        324.0        20341.0        0.0
152        55        50        -20426.0        768.0        20426.0        0.0
153        55        34        10.0        568.0        21406.0        21416.0
154        55        50        -29591.0        9.0        29591.0        0.0
155        55        34        -29591.0        9.0        29591.0        0.0
-1        -1        -1        -1        -1
157        58        32        -21091.0        84.0        21091.0        0.0
158        58        32        -21091.0        84.0        21091.0        0.0
159        58        32        -21091.0        84.0        21091.0        0.0
160        58        32        -21737.0        47.0        21737.0        0.0
161        62        3        -41491.0        8.0        41491.0        0.0
162        62        1        -33289.0        10.0        33289.0        0.0
163        62        3        -41491.0        8.0        41491.0        0.0
164        62        1        -41491.0        8.0        41491.0        0.0
165        62        3        -29437.0        9.0        29437.0        0.0
166        63        71        -23141.0        88.0        23141.0        0.0
167        63        71        -23141.0        88.0        23141.0        0.0
168        63        71        -31741.0        5.0        31741.0        0.0
169        63        71        -14019.0        150.0        14019.0        0.0
170        63        71        -15199.0        102.0        15199.0        0.0
171        64        6        12266.0        695.0        12266.0        0.0
172        64        2        -16483.0        143.0        16483.0        0.0
173        64        6        -26103.0        1.0        26103.0        0.0
174        64        71        -22586.0        78.0        22586.0        0.0
175        64        6        -13691.0        155.0        13691.0        0.0
176        65        50        -56391.0        7.0        56391.0        0.0
177        65        50        -30554.0        9.0        30554.0        0.0
178        65        50        -56391.0        7.0        56391.0        0.0
179        65        50        -21701.0        242.0        21701.0        0.0
180        65        50        -21291.0        125.0        21291.0        0.0
-1        -1        -1        -1        -1
-1        -1        -1        -1        -1
-1        -1        -1        -1        -1
184        66        17        -30469.0        1.0        30469.0        0.0
185        66        17        -36331.0        2.0        36331.0        0.0
186        67        17        -12711.0        1051.0        12711.0        0.0
187        67        48        -24120.0        98.0        24120.0        0.0
188        67        48        41941.0        7.0        41941.0        0.0
189        67        48        41941.0        7.0        41941.0        0.0
190        67        48        24871.0        22.0        24871.0        0.0
-1        -1        -1        -1        -1
-1        -1        -1        -1        -1
-1        -1        -1        -1        -1
-1        -1        -1        -1        -1
-1        -1        -1        -1        -1
-1        -1        -1        -1        -1
-1        -1        -1        -1        -1
198        70        22        13166.0        74.0        13166.0        0.0
-1        -1        -1        -1        -1
-1        -1        -1        -1        -1
201        71        63        -12766.0        100.0        12766.0        0.0
-1        -1        -1        -1        -1
203        71        64        -36347.0        109.0        36347.0        0.0
-1        -1        -1        -1        -1
205        71        63        -36022.0        108.0        36022.0        0.0
-1        -1        -1        -1        -1
-1        -1        -1        -1        -1
-1        -1        -1        -1        -1
-1        -1        -1        -1        -1
-1        -1        -1        -1        -1
211        73        72        -38941.0        15.0        38941.0        0.0
212        73        72        -38941.0        15.0        38941.0        0.0
213        73        72        -38941.0        15.0        38941.0        0.0
214        73        72        -22986.0        83.0        22986.0        0.0
215        73        72        -22651.0        97.0        22651.0        0.0