1        1        3        -32549.0        2183.0        32549.0        0.0
2        1        3        -30866.0        2474.0        30866.0        0.0
3        1        3        -19591.0        2538.0        19591.0        0.0
4        1        62        -37416.0        2167.0        37416.0        0.0
5        1        62        -30866.0        2474.0        30866.0        0.0
6        2        9        -26441.0        1754.0        26441.0        0.0
7        2        64        -19266.0        2276.0        19266.0        0.0
8        2        5        -12169.0        2704.0        12169.0        0.0
9        2        64        -28616.0        1750.0        28616.0        0.0
10        2        64        -18516.0        2280.0        18516.0        0.0
11        3        16        -13588.0        2283.0        13588.0        0.0
12        3        1        -30741.0        1563.0        30741.0        0.0
13        3        1        -39441.0        1142.0        39441.0        0.0
14        3        62        -21566.0        1759.0        21566.0        0.0
15        3        62        -13751.0        2269.0        13751.0        0.0
16        5        9        -17891.0        280.0        17891.0        0.0
17        5        6        -46391.0        220.0        46391.0        0.0
18        5        9        -13471.0        379.0        13471.0        0.0
19        5        9        -46391.0        220.0        46391.0        0.0
20        5        6        -17891.0        280.0        17891.0        0.0
21        6        64        -12516.0        44.0        12516.0        0.0
22        6        64        -40216.0        12.0        40216.0        0.0
23        6        64        -40216.0        12.0        40216.0        0.0
24        6        1        -40216.0        12.0        40216.0        0.0
25        6        5        -15166.0        32.0        15166.0        0.0
26        7        1        -23280.0        1684.0        23280.0        0.0
27        7        1        -38791.0        795.0        38791.0        0.0
28        7        1        -18341.0        1893.0        18341.0        0.0
29        7        1        -24207.0        1545.0        24207.0        0.0
30        7        1        -24684.0        1475.0        24684.0        0.0
31        8        41        -20366.0        801.0        20366.0        0.0
32        8        30        -32056.0        133.0        32056.0        0.0
33        8        30        -14289.0        805.0        14289.0        0.0
34        8        30        -48866.0        34.0        48866.0        0.0
35        8        41        -20366.0        801.0        20366.0        0.0
36        9        19        -39341.0        508.0        39341.0        0.0
37        9        19        -23716.0        1252.0        23716.0        0.0
38        9        2        -20366.0        1256.0        20366.0        0.0
39        9        19        -23716.0        1252.0        23716.0        0.0
40        9        2        -12541.0        1814.0        12541.0        0.0
41        11        46        -24706.0        260.0        24706.0        0.0
42        11        46        -37841.0        153.0        37841.0        0.0
43        11        46        -39814.0        112.0        39814.0        0.0
44        11        46        -22289.0        323.0        22289.0        0.0
45        11        46        -37841.0        153.0        37841.0        0.0
46        15        2        -14216.0        1439.0        14216.0        0.0
47        15        2        -17141.0        1228.0        17141.0        0.0
48        15        2        -12666.0        1523.0        12666.0        0.0
49        15        2        -13647.0        1500.0        13647.0        0.0
50        15        25        -13491.0        1519.0        13491.0        0.0
51        16        1        -21816.0        1311.0        21816.0        0.0
52        16        1        -21816.0        1311.0        21816.0        0.0
53        16        40        -21816.0        1311.0        21816.0        0.0
54        16        40        -13966.0        1819.0        13966.0        0.0
55        16        3        -22516.0        1306.0        22516.0        0.0
56        17        66        -14248.0        2411.0        14248.0        0.0
57        17        66        -29516.0        1666.0        29516.0        0.0
58        17        43        -22216.0        1948.0        22216.0        0.0
59        17        66        -29516.0        1666.0        29516.0        0.0
60        17        66        -38766.0        956.0        38766.0        0.0
61        19        9        -29216.0        2443.0        29216.0        0.0
62        19        5        -20641.0        3191.0        20641.0        0.0
63        19        9        -11816.0        3919.0        11816.0        0.0
64        19        5        -20828.0        3173.0        20828.0        0.0
65        19        5        -14216.0        3517.0        14216.0        0.0
-1        -1        -1        -1        -1
67        22        70        -14991.0        85.0        14991.0        0.0
-1        -1        -1        -1        -1
-1        -1        -1        -1        -1
-1        -1        -1        -1        -1
71        25        15        -13141.0        1574.0        13141.0        0.0
72        25        15        -16279.0        1164.0        16279.0        0.0
73        25        15        -30116.0        931.0        30116.0        0.0
74        25        15        -30116.0        931.0        30116.0        0.0
75        25        15        -12423.0        1596.0        12423.0        0.0
76        26        46        -46391.0        1002.0        46391.0        0.0
77        26        46        -46391.0        1002.0        46391.0        0.0
78        26        46        -11866.0        3080.0        11866.0        0.0
79        26        46        -31424.0        1392.0        31424.0        0.0
80        26        46        -29588.0        1586.0        29588.0        0.0
81        29        68        -50416.0        8.0        50416.0        0.0
82        29        30        -21724.0        51.0        21724.0        0.0
83        29        68        -11691.0        682.0        11691.0        0.0
84        29        48        -21613.0        71.0        21613.0        0.0
85        29        30        -50416.0        8.0        50416.0        0.0
86        30        48        -28666.0        829.0        28666.0        0.0
87        30        67        -16166.0        1840.0        16166.0        0.0
88        30        48        -11641.0        2148.0        11641.0        0.0
89        30        8        -11641.0        2148.0        11641.0        0.0
90        30        29        -22685.0        1291.0        22685.0        0.0
91        32        58        -20391.0        511.0        20391.0        0.0
92        32        58        -34837.0        146.0        34837.0        0.0
93        32        58        -29016.0        349.0        29016.0        0.0
94        32        58        -12966.0        607.0        12966.0        0.0
95        32        58        -39841.0        96.0        39841.0        0.0
96        34        55        -11691.0        1142.0        11691.0        0.0
97        34        48        -17291.0        733.0        17291.0        0.0
98        34        55        -17291.0        733.0        17291.0        0.0
99        34        48        -19616.0        725.0        19616.0        0.0
100        34        55        -23138.0        228.0        23138.0        0.0
101        37        67        -20891.0        543.0        20891.0        0.0
102        37        67        -39419.0        185.0        39419.0        0.0
103        37        67        -11791.0        844.0        11791.0        0.0
104        37        67        -32441.0        305.0        32441.0        0.0
105        37        67        -38166.0        224.0        38166.0        0.0
106        39        51        -21116.0        866.0        21116.0        0.0
107        39        51        -41191.0        320.0        41191.0        0.0
108        39        51        -12766.0        882.0        12766.0        0.0
109        39        51        -30116.0        351.0        30116.0        0.0
110        39        51        -10541.0        1051.0        10541.0        0.0
111        40        16        -20679.0        1419.0        20679.0        0.0
112        40        16        -28766.0        884.0        28766.0        0.0
113        40        16        -40891.0        484.0        40891.0        0.0
114        40        16        -28766.0        884.0        28766.0        0.0
115        40        16        -29620.0        841.0        29620.0        0.0
116        41        30        -25148.0        861.0        25148.0        0.0
117        41        30        -35766.0        263.0        35766.0        0.0
118        41        30        -27341.0        829.0        27341.0        0.0
119        41        30        -29816.0        825.0        29816.0        0.0
120        41        8        -11015.0        2259.0        11015.0        0.0
121        43        66        -16361.0        466.0        16361.0        0.0
122        43        66        -39541.0        208.0        39541.0        0.0
123        43        17        -11991.0        671.0        11991.0        0.0
124        43        66        -33649.0        309.0        33649.0        0.0
125        43        66        -37716.0        286.0        37716.0        0.0
126        46        26        -47916.0        576.0        47916.0        0.0
127        46        11        -47916.0        576.0        47916.0        0.0
128        46        11        -47916.0        576.0        47916.0        0.0
129        46        11        -18388.0        1137.0        18388.0        0.0
130        46        26        -12691.0        2156.0        12691.0        0.0
131        48        29        -39316.0        222.0        39316.0        0.0
132        48        34        -29016.0        432.0        29016.0        0.0
133        48        30        -22991.0        614.0        22991.0        0.0
134        48        67        -22991.0        614.0        22991.0        0.0
135        48        30        -22991.0        614.0        22991.0        0.0
136        50        65        -20641.0        885.0        20641.0        0.0
137        50        65        -38483.0        90.0        38483.0        0.0
138        50        52        -29916.0        427.0        29916.0        0.0
139        50        52        -29916.0        427.0        29916.0        0.0
140        50        52        -38416.0        92.0        38416.0        0.0
141        51        39        -31916.0        752.0        31916.0        0.0
142        51        39        -23811.0        847.0        23811.0        0.0
143        51        39        -21666.0        1073.0        21666.0        0.0
144        51        39        -21666.0        1073.0        21666.0        0.0
145        51        39        -30916.0        764.0        30916.0        0.0
146        52        50        -17020.0        999.0        17020.0        0.0
147        52        55        -37941.0        149.0        37941.0        0.0
148        52        55        -15841.0        1055.0        15841.0        0.0
149        52        55        -35491.0        163.0        35491.0        0.0
150        52        55        -25741.0        361.0        25741.0        0.0
151        55        52        -20341.0        869.0        20341.0        0.0
152        55        50        -20426.0        853.0        20426.0        0.0
153        55        34        -21406.0        523.0        21406.0        0.0
154        55        50        -29066.0        409.0        29066.0        0.0
155        55        34        -29066.0        409.0        29066.0        0.0
156        58        32        -30316.0        129.0        30316.0        0.0
157        58        32        -18541.0        753.0        18541.0        0.0
158        58        32        -18541.0        753.0        18541.0        0.0
159        58        32        -15517.0        764.0        15517.0        0.0
160        58        32        -21737.0        588.0        21737.0        0.0
161        62        3        -29041.0        437.0        29041.0        0.0
162        62        1        -33289.0        318.0        33289.0        0.0
163        62        3        -21416.0        535.0        21416.0        0.0
164        62        1        -21416.0        535.0        21416.0        0.0
165        62        3        -29437.0        427.0        29437.0        0.0
166        63        71        -13266.0        961.0        13266.0        0.0
167        63        71        -13266.0        961.0        13266.0        0.0
168        63        71        -31391.0        377.0        31391.0        0.0
169        63        71        -14019.0        856.0        14019.0        0.0
170        63        71        -15199.0        724.0        15199.0        0.0
171        64        6        -12266.0        917.0        12266.0        0.0
172        64        2        -16483.0        761.0        16483.0        0.0
173        64        6        -26103.0        346.0        26103.0        0.0
174        64        71        -22586.0        554.0        22586.0        0.0
175        64        6        -12841.0        913.0        12841.0        0.0
176        65        50        -38366.0        107.0        38366.0        0.0
177        65        50        -30554.0        400.0        30554.0        0.0
178        65        50        -28991.0        585.0        28991.0        0.0
179        65        50        -21701.0        810.0        21701.0        0.0
180        65        50        -20466.0        1119.0        20466.0        0.0
181        66        17        -23791.0        1116.0        23791.0        0.0
182        66        17        -17116.0        1120.0        17116.0        0.0
183        66        43        -29666.0        1032.0        29666.0        0.0
184        66        17        -30469.0        1021.0        30469.0        0.0
185        66        17        -36331.0        949.0        36331.0        0.0
186        67        17        -12711.0        1614.0        12711.0        0.0
187        67        48        -24120.0        828.0        24120.0        0.0
188        67        48        -16991.0        1530.0        16991.0        0.0
189        67        48        -29091.0        673.0        29091.0        0.0
190        67        48        -24871.0        694.0        24871.0        0.0
191        68        29        -47166.0        12.0        47166.0        0.0
192        68        29        -47166.0        12.0        47166.0        0.0
193        68        29        -47166.0        12.0        47166.0        0.0
194        68        29        -47166.0        12.0        47166.0        0.0
195        68        48        -47166.0        12.0        47166.0        0.0
196        70        22        -38891.0        260.0        38891.0        0.0
197        70        22        -32790.0        306.0        32790.0        0.0
198        70        22        -12816.0        1318.0        12816.0        0.0
199        70        22        -38891.0        260.0        38891.0        0.0
200        70        22        -33091.0        304.0        33091.0        0.0
201        71        63        -12766.0        1337.0        12766.0        0.0
202        71        63        -39816.0        583.0        39816.0        0.0
203        71        64        -36347.0        591.0        36347.0        0.0
204        71        64        -31641.0        998.0        31641.0        0.0
205        71        63        -36022.0        636.0        36022.0        0.0
206        72        73        -34141.0        1550.0        34141.0        0.0
207        72        73        -34141.0        1550.0        34141.0        0.0
208        72        73        -34141.0        1550.0        34141.0        0.0
209        72        73        -34141.0        1550.0        34141.0        0.0
210        72        73        -34141.0        1550.0        34141.0        0.0
211        73        72        -35141.0        627.0        35141.0        0.0
212        73        72        -38941.0        499.0        38941.0        0.0
213        73        72        -25891.0        1091.0        25891.0        0.0
214        73        72        -22986.0        1261.0        22986.0        0.0
215        73        72        -22651.0        1348.0        22651.0        0.0